TextAsset Base
	string m_Name = "Data_HeroSkill"
	string m_Script = "local util = require('Config/Data/Util')
local data = {
    [10001] = {
        10001,
        11001001,
        11001002,
        11001003,
        11001004,
        11001005,
        13001001,
        12001001,
        12001002,
        19001001,
        19001002,
        14001001,
        14001002,
        14001003,
        14001004,
        14001005,
        14001006,
        14001007
    },
    [10002] = {
        10002,
        11002001,
        11002002,
        11002003,
        11002004,
        11002005,
        13002001,
        12002001,
        12002002,
        19002001,
        19002002,
        14002001,
        14002002,
        14002003,
        14002004,
        14002005,
        14002006,
        14002007
    },
    [10003] = {
        10003,
        11001001,
        11001002,
        11001003,
        11001004,
        11001005,
        13001001,
        12001001,
        12001002,
        19001001,
        19001002,
        14001001,
        14001002,
        14001003,
        14001004,
        14001005,
        14001006,
        14001007
    },
    [10004] = {
        10004,
        11001001,
        11001002,
        11001003,
        11001004,
        11001005,
        13001001,
        12001001,
        12001002,
        19001001,
        19001002,
        14001001,
        14001002,
        14001003,
        14001004,
        14001005,
        14001006,
        14001007
    },
    [10005] = {
        10005,
        11001001,
        11001002,
        11001003,
        11001004,
        11001005,
        13001001,
        12001001,
        12001002,
        19001001,
        19001002,
        14001001,
        14001002,
        14001003,
        14001004,
        14001005,
        14001006,
        14001007
    },
    [10006] = {
        10006,
        11001001,
        11001002,
        11001003,
        11001004,
        11001005,
        13001001,
        12001001,
        12001002,
        19001001,
        19001002,
        14001001,
        14001002,
        14001003,
        14001004,
        14001005,
        14001006,
        14001007
    },
    [10007] = {
        10007,
        11001001,
        11001002,
        11001003,
        11001004,
        11001005,
        13001001,
        12001001,
        12001002,
        19001001,
        19001002,
        14001001,
        14001002,
        14001003,
        14001004,
        14001005,
        14001006,
        14001007
    },
    [10008] = {
        10008,
        11001001,
        11001002,
        11001003,
        11001004,
        11001005,
        13001001,
        12001001,
        12001002,
        19001001,
        19001002,
        14001001,
        14001002,
        14001003,
        14001004,
        14001005,
        14001006,
        14001007
    },
    [10009] = {
        10009,
        11009001,
        11009002,
        11009003,
        11009004,
        11009005,
        13009001,
        12009001,
        12009002,
        19009001,
        19009002,
        14009001,
        14009002,
        14009003,
        14009004,
        14009005,
        14009006,
        14009007
    },
    [10010] = {
        10010,
        11010001,
        11010002,
        11010003,
        11010004,
        11010005,
        13010001,
        12010001,
        12010002,
        19010001,
        19010002,
        14010001,
        14010002,
        14010003,
        14010004,
        14010005,
        14010006,
        14010007
    },
    [10011] = {
        10011,
        11001001,
        11001002,
        11001003,
        11001004,
        11001005,
        13001001,
        12001001,
        12001002,
        19001001,
        19001002,
        14001001,
        14001002,
        14001003,
        14001004,
        14001005,
        14001006,
        14001007
    },
    [10012] = {
        10012,
        11001001,
        11001002,
        11001003,
        11001004,
        11001005,
        13001001,
        12001001,
        12001002,
        19001001,
        19001002,
        14001001,
        14001002,
        14001003,
        14001004,
        14001005,
        14001006,
        14001007
    },
    [10013] = {
        10013,
        11001001,
        11001002,
        11001003,
        11001004,
        11001005,
        13001001,
        12001001,
        12001002,
        19001001,
        19001002,
        14001001,
        14001002,
        14001003,
        14001004,
        14001005,
        14001006,
        14001007
    },
    [10014] = {
        10014,
        11001001,
        11001002,
        11001003,
        11001004,
        11001005,
        13001001,
        12001001,
        12001002,
        19001001,
        19001002,
        14001001,
        14001002,
        14001003,
        14001004,
        14001005,
        14001006,
        14001007
    },
    [10015] = {
        10015,
        11015001,
        11015002,
        11015003,
        11015004,
        11015005,
        13015001,
        12015001,
        12015002,
        19015001,
        19015002,
        14015001,
        14015002,
        14015003,
        14015004,
        14015005,
        14015006,
        14015007
    }
}
return require('Config/Data/Class_HeroSkill')(data)
"
