TextAsset Base
	string m_Name = "Data_MonsterAttribute"
	string m_Script = "local util = require('Config/Data/Util')
local data = {
    [10101201] = {
        10101201,
        "普通小怪",
        60,
        90,
        700,
        6,
        2,
        100,
        500,
        5000,
        100,
        3,
        10,
        0,
        10,
        2,
        5,
        5,
        5,
        5,
        500,
        500
    },
    [10102201] = {
        10102201,
        "高速小怪",
        60,
        90,
        700,
        6,
        2,
        100,
        500,
        5000,
        300,
        3,
        10,
        0,
        10,
        2,
        5,
        5,
        5,
        5,
        500,
        500
    },
    [10201205] = {
        10201205,
        "1-4史莱姆",
        60,
        90,
        700,
        6,
        2,
        100,
        500,
        5000,
        50,
        3,
        10,
        0,
        10,
        2,
        5,
        5,
        5,
        5,
        500,
        500
    },
    [10202105] = {
        10202105,
        "1-2史莱姆",
        60,
        90,
        700,
        6,
        2,
        100,
        500,
        5000,
        260,
        3,
        10,
        0,
        10,
        2,
        5,
        5,
        5,
        5,
        500,
        500
    },
    [10203205] = {
        10203205,
        "1-2史莱姆",
        60,
        90,
        700,
        6,
        2,
        100,
        500,
        5000,
        260,
        3,
        10,
        0,
        10,
        2,
        5,
        5,
        5,
        5,
        500,
        500
    },
    [10301210] = {
        10301210,
        "气泡地龙",
        60,
        90,
        700,
        6,
        2,
        100,
        500,
        5000,
        100,
        3,
        10,
        0,
        100,
        20,
        5,
        5,
        5,
        5,
        500,
        500
    },
    [10302210] = {
        10302210,
        "史莱姆怪",
        60,
        90,
        700,
        6,
        2,
        100,
        500,
        5000,
        100,
        3,
        10,
        0,
        10,
        2,
        5,
        5,
        5,
        5,
        500,
        500
    },
    [10303210] = {
        10303210,
        "水滴怪",
        60,
        90,
        700,
        6,
        2,
        100,
        500,
        5000,
        100,
        3,
        10,
        0,
        10,
        2,
        5,
        5,
        5,
        5,
        500,
        500
    },
    [10304210] = {
        10304210,
        "水盾",
        37,
        97,
        8000,
        6,
        2,
        100,
        500,
        5000,
        100,
        3,
        10,
        0,
        10,
        2,
        5,
        5,
        5,
        5,
        500,
        500
    },
    [10305210] = {
        10305210,
        "水盾·被冰冻",
        60,
        90,
        700,
        6,
        2,
        100,
        500,
        5000,
        100,
        3,
        10,
        0,
        10,
        2,
        5,
        5,
        5,
        5,
        500,
        500
    },
    [10306210] = {
        10306210,
        "激光机关",
        60,
        90,
        700,
        6,
        2,
        100,
        500,
        5000,
        0,
        3,
        10,
        0,
        10,
        2,
        5,
        5,
        5,
        5,
        500,
        500
    },
    [10307210] = {
        10307210,
        "激光机关",
        60,
        90,
        700,
        6,
        2,
        100,
        500,
        5000,
        0,
        3,
        10,
        0,
        10,
        2,
        5,
        5,
        5,
        5,
        500,
        500
    },
    [10308210] = {
        10308210,
        "激光机关",
        60,
        90,
        700,
        6,
        2,
        100,
        500,
        5000,
        0,
        3,
        10,
        0,
        10,
        2,
        5,
        5,
        5,
        5,
        500,
        500
    },
    [10309340] = {
        10309340,
        "水影噩衣",
        200,
        175,
        30000,
        6,
        2,
        100,
        1500,
        10000,
        100,
        3,
        10,
        0,
        100,
        2,
        5,
        5,
        5,
        5,
        1000,
        1000
    },
    [10310210] = {
        10310210,
        "辅助机",
        400,
        97,
        2860,
        6,
        2,
        100,
        500,
        5000,
        0,
        3,
        10,
        0,
        10,
        2,
        5,
        5,
        5,
        5,
        500,
        500
    },
    [10401230] = {
        10401230,
        "1-4守护物",
        83,
        114,
        50000,
        6,
        2,
        100,
        500,
        5000,
        120,
        3,
        10,
        0,
        10,
        2,
        5,
        5,
        5,
        5,
        500,
        500
    },
    [10402230] = {
        10402230,
        "1-4障碍物",
        83,
        114,
        6548,
        6,
        2,
        100,
        500,
        5000,
        100,
        3,
        10,
        0,
        10,
        2,
        5,
        5,
        5,
        5,
        500,
        500
    },
    [10403230] = {
        10403230,
        "1-4水滴怪",
        60,
        90,
        700,
        6,
        2,
        100,
        500,
        5000,
        260,
        3,
        10,
        0,
        10,
        2,
        5,
        5,
        5,
        5,
        500,
        500
    },
    [10404230] = {
        10404230,
        "1-4水滴怪",
        60,
        90,
        700,
        6,
        2,
        100,
        500,
        5000,
        260,
        3,
        10,
        0,
        10,
        2,
        5,
        5,
        5,
        5,
        500,
        500
    },
    [10405230] = {
        10405230,
        "爬虫怪（精英）",
        60,
        90,
        700,
        6,
        2,
        100,
        500,
        5000,
        100,
        3,
        10,
        0,
        50,
        2,
        5,
        5,
        5,
        5,
        500,
        500
    },
    [10406230] = {
        10406230,
        "1-4障碍物",
        60,
        90,
        700,
        6,
        2,
        100,
        500,
        5000,
        100,
        3,
        10,
        0,
        10,
        2,
        5,
        5,
        5,
        5,
        500,
        500
    },
    [10407230] = {
        10407230,
        "1-4障碍物",
        60,
        90,
        700,
        6,
        2,
        100,
        500,
        5000,
        100,
        3,
        10,
        0,
        10,
        2,
        5,
        5,
        5,
        5,
        500,
        500
    },
    [10408230] = {
        10408230,
        "1-4机枪塔",
        500,
        114,
        6548,
        6,
        2,
        100,
        500,
        5000,
        0,
        3,
        10,
        0,
        10,
        2,
        5,
        5,
        5,
        5,
        500,
        500
    },
    [10409230] = {
        10409230,
        "1-4机枪塔",
        500,
        114,
        6548,
        6,
        2,
        100,
        500,
        5000,
        0,
        3,
        10,
        0,
        10,
        2,
        5,
        5,
        5,
        5,
        500,
        500
    },
    [10410230] = {
        10410230,
        "1-4三选一交互1级",
        60,
        90,
        700,
        6,
        2,
        100,
        500,
        5000,
        0,
        3,
        10,
        0,
        10,
        2,
        5,
        5,
        5,
        5,
        500,
        500
    },
    [10411230] = {
        10411230,
        "1-4三选一交互1级",
        60,
        90,
        700,
        6,
        2,
        100,
        500,
        5000,
        0,
        3,
        10,
        0,
        10,
        2,
        5,
        5,
        5,
        5,
        500,
        500
    },
    [10412230] = {
        10412230,
        "1-4三选一交互1级",
        60,
        90,
        700,
        6,
        2,
        100,
        500,
        5000,
        0,
        3,
        10,
        0,
        10,
        2,
        5,
        5,
        5,
        5,
        500,
        500
    },
    [10501340] = {
        10501340,
        "水影噩衣",
        137,
        175,
        30000,
        6,
        2,
        100,
        1500,
        10000,
        100,
        3,
        10,
        0,
        100,
        2,
        5,
        5,
        5,
        5,
        1000,
        1000
    },
    [10601250] = {
        10601250,
        "ex守护物",
        60,
        90,
        700,
        6,
        2,
        100,
        500,
        5000,
        120,
        3,
        10,
        0,
        10,
        2,
        5,
        5,
        5,
        5,
        500,
        500
    },
    [10602250] = {
        10602250,
        "史莱姆怪",
        60,
        90,
        700,
        6,
        2,
        100,
        500,
        5000,
        100,
        3,
        10,
        0,
        10,
        2,
        5,
        5,
        5,
        5,
        500,
        500
    },
    [10603250] = {
        10603250,
        "水滴怪",
        60,
        90,
        700,
        6,
        2,
        100,
        500,
        5000,
        100,
        3,
        10,
        0,
        10,
        2,
        5,
        5,
        5,
        5,
        500,
        500
    },
    [10604250] = {
        10604250,
        "爬虫怪（精英）",
        60,
        90,
        700,
        6,
        2,
        100,
        500,
        5000,
        100,
        3,
        10,
        0,
        50,
        2,
        5,
        5,
        5,
        5,
        500,
        500
    },
    [10605250] = {
        10605250,
        "爬虫怪（精英）",
        60,
        90,
        700,
        6,
        2,
        100,
        500,
        5000,
        100,
        3,
        10,
        0,
        50,
        2,
        5,
        5,
        5,
        5,
        500,
        500
    },
    [10606250] = {
        10606250,
        "ex三选一交互1级",
        60,
        90,
        700,
        6,
        2,
        100,
        500,
        5000,
        0,
        3,
        10,
        0,
        10,
        2,
        5,
        5,
        5,
        5,
        500,
        500
    },
    [10607250] = {
        10607250,
        "ex三选一交互1级",
        60,
        90,
        700,
        6,
        2,
        100,
        500,
        5000,
        0,
        3,
        10,
        0,
        10,
        2,
        5,
        5,
        5,
        5,
        500,
        500
    },
    [10608250] = {
        10608250,
        "ex三选一交互1级",
        60,
        90,
        700,
        6,
        2,
        100,
        500,
        5000,
        0,
        3,
        10,
        0,
        10,
        2,
        5,
        5,
        5,
        5,
        500,
        500
    },
    [200020] = {
        200020,
        "新咎安怪2",
        60,
        90,
        1920,
        6,
        2,
        100,
        500,
        5000,
        0,
        3,
        10,
        0,
        10,
        2,
        5,
        5,
        5,
        5,
        500,
        500
    },
    [200030] = {
        200030,
        "新咎安怪",
        60,
        90,
        1920,
        6,
        2,
        100,
        500,
        5000,
        0,
        3,
        10,
        0,
        10,
        2,
        5,
        5,
        5,
        5,
        500,
        500
    },
    [200040] = {
        200040,
        "傻小黑",
        60,
        90,
        192,
        6,
        2,
        100,
        500,
        5000,
        0,
        3,
        10,
        0,
        10,
        2,
        5,
        5,
        5,
        5,
        500,
        500
    },
    [2000508] = {
        2000508,
        "水影噩衣",
        160,
        200,
        60000,
        0,
        0,
        600,
        0,
        10000,
        100,
        3,
        10,
        0,
        0,
        2,
        5,
        5,
        5,
        5,
        1800,
        1800
    },
    [2000509] = {
        2000509,
        "水影噩衣",
        200,
        200,
        90000,
        0,
        0,
        600,
        0,
        10000,
        100,
        3,
        10,
        0,
        0,
        2,
        5,
        5,
        5,
        5,
        1800,
        1800
    },
    [2000510] = {
        2000510,
        "拟像Boss",
        130,
        150,
        48000,
        0,
        0,
        480,
        0,
        10000,
        100,
        3,
        10,
        0,
        0,
        2,
        5,
        5,
        5,
        5,
        1500,
        1500
    },
    [200060] = {
        200060,
        "测试怪A_空模型A",
        60,
        90,
        1920,
        6,
        2,
        100,
        500,
        5000,
        0,
        3,
        10,
        0,
        10,
        2,
        5,
        5,
        5,
        5,
        500,
        500
    },
    [200070] = {
        200070,
        "测试怪A_空模型B",
        60,
        90,
        1920,
        6,
        2,
        100,
        500,
        5000,
        0,
        3,
        10,
        0,
        10,
        2,
        5,
        5,
        5,
        5,
        500,
        500
    },
    [200080] = {
        200080,
        "超时空小车",
        60,
        90,
        19999998,
        6,
        2,
        100,
        500,
        5000,
        0,
        3,
        10,
        0,
        10,
        2,
        5,
        5,
        5,
        5,
        500,
        500
    },
    [200090] = {
        200090,
        "超肉盾小车",
        60,
        90,
        19999998,
        6,
        2,
        100,
        500,
        5000,
        0,
        3,
        10,
        0,
        10,
        2,
        5,
        5,
        5,
        5,
        500,
        500
    },
    [20100225] = {
        20100225,
        "空交互",
        60,
        90,
        9000,
        6,
        2,
        100,
        500,
        5000,
        0,
        3,
        10,
        0,
        10,
        2,
        5,
        5,
        5,
        5,
        500,
        500
    },
    [20101225] = {
        20101225,
        "车",
        60,
        90,
        9000,
        6,
        2,
        100,
        500,
        5000,
        120,
        3,
        10,
        0,
        10,
        2,
        5,
        5,
        5,
        5,
        500,
        500
    },
    [20102225] = {
        20102225,
        "活性暗晶体",
        60,
        90,
        9000,
        6,
        2,
        100,
        500,
        5000,
        100,
        3,
        10,
        0,
        10,
        2,
        5,
        5,
        5,
        5,
        500,
        500
    },
    [20103225] = {
        20103225,
        "推车-蜘蛛",
        60,
        90,
        9000,
        6,
        2,
        100,
        0,
        5000,
        200,
        3,
        10,
        0,
        10,
        2,
        5,
        5,
        5,
        5,
        500,
        500
    },
    [20104225] = {
        20104225,
        "辅助机",
        60,
        90,
        9000,
        6,
        2,
        100,
        500,
        5000,
        0,
        3,
        10,
        0,
        10,
        2,
        5,
        5,
        5,
        5,
        500,
        500
    },
    [20105225] = {
        20105225,
        "坏了的车",
        60,
        90,
        9000,
        6,
        2,
        100,
        500,
        5000,
        0,
        3,
        10,
        0,
        10,
        2,
        5,
        5,
        5,
        5,
        500,
        500
    },
    [20106225] = {
        20106225,
        "车零件",
        60,
        90,
        9000,
        6,
        2,
        100,
        500,
        5000,
        0,
        3,
        10,
        0,
        10,
        2,
        5,
        5,
        5,
        5,
        500,
        500
    },
    [20107225] = {
        20107225,
        "障碍物",
        60,
        90,
        9000,
        6,
        2,
        100,
        500,
        5000,
        0,
        3,
        10,
        0,
        10,
        2,
        5,
        5,
        5,
        5,
        500,
        500
    },
    [20108225] = {
        20108225,
        "车test",
        60,
        90,
        9000,
        6,
        2,
        100,
        500,
        5000,
        0,
        3,
        10,
        0,
        10,
        2,
        5,
        5,
        5,
        5,
        500,
        500
    },
    [20109225] = {
        20109225,
        "全息小车",
        60,
        90,
        9000,
        6,
        2,
        100,
        500,
        5000,
        0,
        3,
        10,
        0,
        10,
        2,
        5,
        5,
        5,
        5,
        500,
        500
    },
    [20110225] = {
        20110225,
        "空交互-白色",
        60,
        90,
        9000,
        6,
        2,
        100,
        500,
        5000,
        0,
        3,
        10,
        0,
        10,
        2,
        5,
        5,
        5,
        5,
        500,
        500
    },
    [20111225] = {
        20111225,
        "推车-表演蜘蛛",
        60,
        90,
        9000,
        6,
        2,
        100,
        0,
        5000,
        200,
        3,
        10,
        0,
        10,
        2,
        5,
        5,
        5,
        5,
        500,
        500
    },
    [20112225] = {
        20112225,
        "激光机关",
        60,
        90,
        9000,
        6,
        2,
        100,
        500,
        5000,
        0,
        3,
        10,
        0,
        10,
        2,
        5,
        5,
        5,
        5,
        500,
        500
    },
    [20113225] = {
        20113225,
        "活性暗晶体",
        60,
        90,
        9000,
        6,
        2,
        100,
        500,
        5000,
        100,
        3,
        10,
        0,
        10,
        2,
        5,
        5,
        5,
        5,
        500,
        500
    },
    [20114225] = {
        20114225,
        "假的机枪",
        60,
        90,
        9000,
        6,
        2,
        100,
        500,
        5000,
        0,
        3,
        10,
        0,
        10,
        2,
        5,
        5,
        5,
        5,
        500,
        500
    },
    [20115225] = {
        20115225,
        "空交互-有色",
        60,
        90,
        9000,
        6,
        2,
        100,
        500,
        5000,
        0,
        3,
        10,
        0,
        10,
        2,
        5,
        5,
        5,
        5,
        500,
        500
    },
    [20116225] = {
        20116225,
        "活性暗晶体（霸体）",
        117,
        216,
        1200,
        12,
        5,
        240,
        500,
        5000,
        100,
        3,
        10,
        0,
        50,
        2,
        5,
        5,
        5,
        5,
        500,
        500
    },
    [20117225] = {
        20117225,
        "全息咎安1",
        60,
        90,
        2858,
        12,
        2,
        100,
        500,
        5000,
        100,
        3,
        10,
        0,
        10,
        2,
        5,
        5,
        5,
        5,
        500,
        500
    },
    [20118225] = {
        20118225,
        "全息咎安2",
        60,
        90,
        2858,
        12,
        2,
        100,
        500,
        5000,
        100,
        3,
        10,
        0,
        10,
        2,
        5,
        5,
        5,
        5,
        500,
        500
    },
    [20119225] = {
        20119225,
        "空交互-白色",
        60,
        90,
        2858,
        12,
        2,
        100,
        500,
        5000,
        0,
        3,
        10,
        0,
        10,
        2,
        5,
        5,
        5,
        5,
        500,
        500
    },
    [20120225] = {
        20120225,
        "活性暗晶体",
        60,
        90,
        2858,
        12,
        2,
        100,
        500,
        5000,
        100,
        3,
        10,
        0,
        10,
        2,
        5,
        5,
        5,
        5,
        500,
        500
    },
    [20121225] = {
        20121225,
        "空交互-白色",
        60,
        90,
        2858,
        12,
        2,
        100,
        500,
        5000,
        0,
        3,
        10,
        0,
        10,
        2,
        5,
        5,
        5,
        5,
        500,
        500
    },
    [20122225] = {
        20122225,
        "障碍物",
        60,
        90,
        2858,
        12,
        2,
        100,
        500,
        5000,
        0,
        3,
        10,
        0,
        10,
        2,
        5,
        5,
        5,
        5,
        500,
        500
    },
    [20123225] = {
        20123225,
        "障碍物",
        60,
        90,
        2858,
        12,
        2,
        100,
        500,
        5000,
        0,
        3,
        10,
        0,
        10,
        2,
        5,
        5,
        5,
        5,
        500,
        500
    },
    [20124225] = {
        20124225,
        "空交互·占领",
        60,
        90,
        2858,
        12,
        2,
        100,
        500,
        5000,
        0,
        3,
        10,
        0,
        10,
        2,
        5,
        5,
        5,
        5,
        500,
        500
    },
    [20125225] = {
        20125225,
        "激光机关",
        60,
        90,
        2858,
        12,
        2,
        100,
        500,
        5000,
        0,
        3,
        10,
        0,
        10,
        2,
        5,
        5,
        5,
        5,
        500,
        500
    },
    [202010] = {
        202010,
        "活性暗晶体",
        15,
        0,
        90,
        12,
        2,
        100,
        500,
        5000,
        100,
        3,
        10,
        0,
        10,
        2,
        5,
        5,
        5,
        5,
        500,
        500
    },
    [202020] = {
        202020,
        "回血交互",
        15,
        0,
        90,
        12,
        2,
        100,
        500,
        5000,
        0,
        3,
        10,
        0,
        10,
        2,
        5,
        5,
        5,
        5,
        500,
        500
    },
    [202030] = {
        202030,
        "爬虫怪",
        15,
        0,
        90,
        12,
        2,
        100,
        500,
        5000,
        100,
        3,
        10,
        0,
        10,
        2,
        5,
        5,
        5,
        5,
        500,
        500
    },
    [202040] = {
        202040,
        "史莱姆怪",
        15,
        0,
        90,
        12,
        2,
        100,
        500,
        5000,
        100,
        3,
        10,
        0,
        10,
        2,
        5,
        5,
        5,
        5,
        500,
        500
    },
    [202050] = {
        202050,
        "水滴怪",
        15,
        0,
        90,
        12,
        2,
        100,
        500,
        5000,
        100,
        3,
        10,
        0,
        10,
        2,
        5,
        5,
        5,
        5,
        500,
        500
    },
    [201000] = {
        201000,
        "空交互",
        15,
        25,
        199998,
        12,
        2,
        100,
        500,
        5000,
        0,
        3,
        10,
        0,
        10,
        2,
        5,
        5,
        5,
        5,
        500,
        500
    },
    [2000106] = {
        2000106,
        "1-4障碍物",
        25,
        58,
        2284,
        12,
        2,
        100,
        500,
        5000,
        100,
        3,
        10,
        0,
        10,
        2,
        5,
        5,
        5,
        5,
        500,
        500
    },
    [2010406] = {
        2010406,
        "1-4机枪塔",
        500,
        58,
        2284,
        12,
        2,
        100,
        500,
        5000,
        0,
        3,
        10,
        0,
        10,
        2,
        5,
        5,
        5,
        5,
        500,
        500
    },
    [9099901] = {
        9099901,
        "1-3潜行站桩怪",
        37,
        97,
        5000,
        12,
        2,
        100,
        500,
        5000,
        0,
        3,
        10,
        0,
        10,
        2,
        5,
        5,
        5,
        5,
        500,
        500
    },
    [9099801] = {
        9099801,
        "1-3潜行巡逻怪",
        37,
        97,
        5000,
        12,
        2,
        100,
        500,
        5000,
        0,
        3,
        10,
        0,
        10,
        2,
        5,
        5,
        5,
        5,
        500,
        500
    },
    [909999] = {
        909999,
        "3-2机关交互",
        37,
        97,
        10000,
        12,
        2,
        100,
        500,
        5000,
        0,
        3,
        10,
        0,
        10,
        2,
        5,
        5,
        5,
        5,
        500,
        500
    },
    [1010401] = {
        1010401,
        "1-5理智怪",
        60,
        90,
        2000,
        6,
        2,
        100,
        500,
        5000,
        100,
        3,
        10,
        0,
        10,
        2,
        5,
        5,
        5,
        5,
        500,
        500
    },
    [20114226] = {
        20114226,
        "中央控制机",
        60,
        90,
        12000,
        6,
        2,
        100,
        500,
        5000,
        0,
        3,
        10,
        0,
        10,
        2,
        5,
        5,
        5,
        5,
        500,
        500
    },
    [10101202] = {
        10101202,
        "小红",
        60,
        90,
        700,
        6,
        2,
        100,
        500,
        5000,
        150,
        3,
        10,
        0,
        10,
        2,
        5,
        5,
        5,
        5,
        500,
        500
    },
    [10101203] = {
        10101203,
        "小白",
        60,
        90,
        1200,
        6,
        2,
        100,
        500,
        5000,
        100,
        3,
        10,
        0,
        10,
        2,
        5,
        5,
        5,
        5,
        500,
        500
    }
}
return require('Config/Data/Class_MonsterAttribute')(data)
"
